Class;x;y;z
Yawning;0.4931938946247101;0.29938310384750366;-0.019467882812023163
Yawning;0.4930534362792969;0.27111345529556274;-0.028841177001595497
Yawning;0.49272194504737854;0.2810717225074768;-0.01736258901655674
Yawning;0.4883124530315399;0.24673667550086975;-0.019435590133070946
Yawning;0.4931880235671997;0.2631652057170868;-0.02985427714884281
Yawning;0.4933583438396454;0.2534056305885315;-0.026561690494418144
Yawning;0.49350738525390625;0.2289716899394989;-0.008920480497181416
Yawning;0.4493858814239502;0.22963601350784302;0.007373100146651268
Yawning;0.4938755929470062;0.20535051822662354;-0.0024785043206065893
Yawning;0.494123637676239;0.19343307614326477;-0.001783740590326488
Yawning;0.49442368745803833;0.1567043960094452;0.00855629239231348
Yawning;0.4932577908039093;0.3032570779323578;-0.01903618313372135
Yawning;0.4932708144187927;0.30690038204193115;-0.017615225166082382
Yawning;0.49318674206733704;0.30896589159965515;-0.015616729855537415
Yawning;0.4935319125652313;0.3193303942680359;-0.011972849257290363
Yawning;0.49348193407058716;0.3227999806404114;-0.013022358529269695
Yawning;0.49340033531188965;0.3272300362586975;-0.014377853833138943
Yawning;0.4932422637939453;0.3315710127353668;-0.013885699212551117
Yawning;0.49272188544273376;0.33702051639556885;-0.01064176857471466
Yawning;0.4930059015750885;0.27590546011924744;-0.026697637513279915
Yawning;0.4874343276023865;0.27695125341415405;-0.020244864746928215
Yawning;0.4230857491493225;0.19674921035766602;0.03546769917011261
Yawning;0.4674704968929291;0.23656171560287476;0.0023404972162097692
Yawning;0.4610326290130615;0.2374614179134369;0.002449734602123499
Yawning;0.4549044370651245;0.23699268698692322;0.0036659492179751396
Yawning;0.4464501440525055;0.23197545111179352;0.007861761376261711
Yawning;0.47275444865226746;0.2340482920408249;0.0038501720409840345
Yawning;0.45850870013237;0.20953932404518127;0.0018226540414616466
Yawning;0.46574336290359497;0.21045565605163574;0.0025778498966246843
Yawning;0.451638400554657;0.2113076001405716;0.0032110181637108326
Yawning;0.4472050666809082;0.21531444787979126;0.004868818446993828
Yawning;0.4408170282840729;0.23744137585163116;0.00973883643746376
Yawning;0.4704129099845886;0.34448695182800293;-0.008073034696280956
Yawning;0.4469384551048279;0.2269827276468277;0.009249103255569935
Yawning;0.42079341411590576;0.23303785920143127;0.0325252041220665
Yawning;0.43348395824432373;0.23096996545791626;0.015408486127853394
Yawning;0.4620507061481476;0.2688737213611603;-0.0065347556956112385
Yawning;0.4854773283004761;0.2985958755016327;-0.01908796653151512
Yawning;0.48682817816734314;0.3074950873851776;-0.017317701131105423
Yawning;0.4776686429977417;0.3029022216796875;-0.016711128875613213
Yawning;0.47302836179733276;0.30760183930397034;-0.013186469674110413
Yawning;0.4812549352645874;0.30932095646858215;-0.015559460036456585
Yawning;0.4772728681564331;0.3117457330226898;-0.012208854779601097
Yawning;0.46515610814094543;0.32260510325431824;-0.006279280409216881
Yawning;0.4882795512676239;0.2714170515537262;-0.028737453743815422
Yawning;0.48758119344711304;0.26374948024749756;-0.02952353097498417
Yawning;0.43784812092781067;0.20669901371002197;0.007437561172991991
Yawning;0.47441092133522034;0.2481885552406311;-0.0037856430280953646
Yawning;0.47408920526504517;0.2718361020088196;-0.017148353159427643
Yawning;0.473414808511734;0.2678379416465759;-0.015163161791861057
Yawning;0.4432756006717682;0.2687053680419922;-0.001055980916135013
Yawning;0.4878329038619995;0.25454390048980713;-0.025493869557976723
Yawning;0.45291033387184143;0.19568979740142822;0.0009791863849386573
Yawning;0.4441887438297272;0.19950523972511292;0.0042748344130814075
Yawning;0.4301987886428833;0.18123894929885864;0.027572276070713997
Yawning;0.48013439774513245;0.2029629647731781;-0.0023601900320500135
Yawning;0.47182291746139526;0.21436333656311035;0.0042266808450222015
Yawning;0.46122458577156067;0.31497183442115784;-0.004906651563942432
Yawning;0.4284681975841522;0.3110109567642212;0.03575458005070686
Yawning;0.4788248538970947;0.2763398587703705;-0.015425723046064377
Yawning;0.4834519922733307;0.27888697385787964;-0.01562414038926363
Yawning;0.4679427742958069;0.31637948751449585;-0.0054043130949139595
Yawning;0.47137048840522766;0.3163098692893982;-0.006711859256029129
Yawning;0.4404328763484955;0.1941910684108734;0.007238737307488918
Yawning;0.47406235337257385;0.2758612036705017;-0.014589151367545128
Yawning;0.4645934998989105;0.19597166776657104;-0.001214808551594615
Yawning;0.46346810460090637;0.18941713869571686;-0.0012878982815891504
Yawning;0.45742008090019226;0.16104251146316528;0.011487063951790333
Yawning;0.4352852404117584;0.18799854815006256;0.01611255295574665
Yawning;0.4610728323459625;0.1753188520669937;0.0050178091041743755
Yawning;0.4336720407009125;0.2033309042453766;0.012304725125432014
Yawning;0.4282875955104828;0.20074105262756348;0.023299774155020714
Yawning;0.4860047399997711;0.3033747673034668;-0.018826924264431
Yawning;0.47957029938697815;0.3067050278186798;-0.01635931059718132
Yawning;0.47514259815216064;0.3096868097782135;-0.013346713036298752
Yawning;0.4801272451877594;0.278041273355484;-0.014034549705684185
Yawning;0.4697332978248596;0.31655353307724;-0.006045612972229719
Yawning;0.4717884063720703;0.3191230595111847;-0.008704295381903648
Yawning;0.4721682369709015;0.31578460335731506;-0.006737016141414642
Yawning;0.4818272590637207;0.272675096988678;-0.02180185355246067
Yawning;0.4785555303096771;0.31162071228027344;-0.011498352512717247
Yawning;0.48249247670173645;0.3100593686103821;-0.013724765740334988
Yawning;0.4875587821006775;0.3092244565486908;-0.015353991650044918
Yawning;0.4841621220111847;0.336751252412796;-0.01103235688060522
Yawning;0.48488423228263855;0.3310704231262207;-0.014141744002699852
Yawning;0.4855712652206421;0.3265255093574524;-0.014232714660465717
Yawning;0.48644161224365234;0.3220396041870117;-0.012892687693238258
Yawning;0.48717108368873596;0.3191717863082886;-0.011866890825331211
Yawning;0.4777788519859314;0.31831032037734985;-0.00946496520191431
Yawning;0.4765336811542511;0.3194039463996887;-0.01041896641254425
Yawning;0.47446510195732117;0.3215729594230652;-0.011671602725982666
Yawning;0.4725956320762634;0.32386401295661926;-0.011201436631381512
Yawning;0.46784865856170654;0.29894378781318665;-0.011227315291762352
Yawning;0.42082613706588745;0.27015382051467896;0.0487014502286911
Yawning;0.4928741753101349;0.2782602608203888;-0.020484963431954384
Yawning;0.4753416180610657;0.3177146911621094;-0.007891363464295864
Yawning;0.47369641065597534;0.31826066970825195;-0.008558287285268307
Yawning;0.4850383996963501;0.2820342481136322;-0.016591882333159447
Yawning;0.4757816195487976;0.28110232949256897;-0.011315112933516502
Yawning;0.48425015807151794;0.2804943323135376;-0.016074590384960175
Yawning;0.4678826630115509;0.2531222403049469;-0.003159994026646018
Yawning;0.45792239904403687;0.25866660475730896;-0.002657221397385001
Yawning;0.4725172519683838;0.2718072533607483;-0.012654067948460579
Yawning;0.4411047399044037;0.16909807920455933;0.01876298151910305
Yawning;0.4455845057964325;0.17916709184646606;0.010032000951468945
Yawning;0.45044153928756714;0.18943193554878235;0.0025328812189400196
Yawning;0.4698244035243988;0.3278576731681824;-0.008717729710042477
Yawning;0.4783734679222107;0.1917666643857956;-0.0028348322957754135
Yawning;0.4767022728919983;0.1753300130367279;0.00252398569136858
Yawning;0.47452884912490845;0.15752366185188293;0.007965993136167526
Yawning;0.44952094554901123;0.23532342910766602;0.005809622351080179
Yawning;0.43359342217445374;0.243142768740654;0.011621112935245037
Yawning;0.47622138261795044;0.23149818181991577;0.005053900182247162
Yawning;0.4405674338340759;0.21960079669952393;0.008996730670332909
Yawning;0.4789801836013794;0.24272483587265015;-0.004768649116158485
Yawning;0.4777572453022003;0.26802971959114075;-0.021493200212717056
Yawning;0.42642277479171753;0.24890056252479553;0.016110997647047043
Yawning;0.4380985498428345;0.24897043406963348;0.0062874844297766685
Yawning;0.446605384349823;0.25164511799812317;0.001544450642541051
Yawning;0.4590534567832947;0.25013113021850586;0.0004529025172814727
Yawning;0.46779727935791016;0.24664738774299622;0.00014602922601625323
Yawning;0.4742426574230194;0.2425333857536316;-0.0001302647142438218
Yawning;0.48776158690452576;0.23115839064121246;-0.007655561901628971
Yawning;0.4274335503578186;0.26642513275146484;0.012665485963225365
Yawning;0.43520963191986084;0.2181338518857956;0.011488907970488071
Yawning;0.49009615182876587;0.27584606409072876;-0.026640644297003746
Yawning;0.47482460737228394;0.2559010684490204;-0.007306024432182312
Yawning;0.4185005724430084;0.23258979618549347;0.049714937806129456
Yawning;0.4791584312915802;0.23788881301879883;-3.16613404720556e-05
Yawning;0.47176551818847656;0.27268460392951965;-0.007779865525662899
Yawning;0.44401443004608154;0.22640366852283478;0.01006306242197752
Yawning;0.4773128926753998;0.2631339728832245;-0.01901615411043167
Yawning;0.42312711477279663;0.2901480793952942;0.043679311871528625
Yawning;0.4762102961540222;0.2287648469209671;0.006530929822474718
Yawning;0.4825272560119629;0.25786200165748596;-0.02316412329673767
Yawning;0.4435184895992279;0.32918521761894226;0.008611285127699375
Yawning;0.44301795959472656;0.33849602937698364;0.015905743464827538
Yawning;0.42044010758399963;0.2687849700450897;0.03057015873491764
Yawning;0.4352315366268158;0.3189987242221832;0.015040571801364422
Yawning;0.4241977334022522;0.2158219814300537;0.029500070959329605
Yawning;0.46865445375442505;0.35188567638397217;-0.006515711545944214
Yawning;0.4905747175216675;0.27809572219848633;-0.02027064561843872
Yawning;0.4693061113357544;0.2622310519218445;-0.006516723427921534
Yawning;0.42767399549484253;0.23258307576179504;0.020141523331403732
Yawning;0.455850750207901;0.23273377120494843;0.004411032889038324
Yawning;0.4614301025867462;0.23337124288082123;0.003483802080154419
Yawning;0.46976426243782043;0.3201635777950287;-0.008162692189216614
Yawning;0.4290655255317688;0.28297749161720276;0.012173900380730629
Yawning;0.4787938892841339;0.363022118806839;-0.005867379251867533
Yawning;0.46067214012145996;0.35348495841026306;0.003331575309857726
Yawning;0.45253726840019226;0.3475574553012848;0.008865568786859512
Yawning;0.494161456823349;0.1757183074951172;0.002897682599723339
Yawning;0.4913289248943329;0.3645755648612976;-0.006341472268104553
Yawning;0.46666979789733887;0.23254629969596863;0.0037992983125150204
Yawning;0.4716222882270813;0.23082105815410614;0.004885646980255842
Yawning;0.47472649812698364;0.22961288690567017;0.006392554379999638
Yawning;0.4302625060081482;0.2165779173374176;0.016804352402687073
Yawning;0.4711376130580902;0.22385314106941223;0.004461141303181648
Yawning;0.46559715270996094;0.22199179232120514;0.0037027089856565
Yawning;0.46031028032302856;0.22164635360240936;0.0036289426498115063
Yawning;0.4549846351146698;0.22273936867713928;0.004413414280861616
Yawning;0.45133402943611145;0.22450226545333862;0.005515065509825945
Yawning;0.41935375332832336;0.21285280585289001;0.0440182201564312
Yawning;0.4521285593509674;0.23134419322013855;0.005955331027507782
Yawning;0.4929344356060028;0.28716757893562317;-0.01697298139333725
Yawning;0.47262781858444214;0.2933218479156494;-0.01333435345441103
Yawning;0.47867265343666077;0.2747761607170105;-0.016744326800107956
Yawning;0.4844706356525421;0.288845032453537;-0.017082806676626205
Yawning;0.4936680197715759;0.21752457320690155;-0.003869285574182868
Yawning;0.4519309401512146;0.33843958377838135;0.003903904464095831
Yawning;0.4602104723453522;0.34495991468429565;-0.0009997825836762786
Yawning;0.4790656566619873;0.35734325647354126;-0.01091957651078701
Yawning;0.4353218376636505;0.32750678062438965;0.025716453790664673
Yawning;0.47470226883888245;0.22686846554279327;0.005912761203944683
Yawning;0.483431875705719;0.24420040845870972;-0.011666689068078995
Yawning;0.49167686700820923;0.35845065116882324;-0.01120869629085064
Yawning;0.4690263271331787;0.3589034974575043;-0.0022930996492505074
Yawning;0.4227769374847412;0.2872522473335266;0.02743988297879696
Yawning;0.48188385367393494;0.3186340630054474;-0.010828422382473946
Yawning;0.4806993305683136;0.32076361775398254;-0.011831143870949745
Yawning;0.4791683852672577;0.3242182731628418;-0.013293689116835594
Yawning;0.4778040945529938;0.32813695073127747;-0.013209876604378223
Yawning;0.47577419877052307;0.3330886960029602;-0.010688595473766327
Yawning;0.47387054562568665;0.31414586305618286;-0.00911780260503292
Yawning;0.471685528755188;0.31331464648246765;-0.009195883758366108
Yawning;0.4695344865322113;0.31184816360473633;-0.009177126921713352
Yawning;0.4640446901321411;0.30640414357185364;-0.007923060096800327
Yawning;0.4385950565338135;0.286776602268219;0.002290828386321664
Yawning;0.4834798276424408;0.2364678829908371;-0.00576278381049633
Yawning;0.4804568290710449;0.22044622898101807;0.004224956035614014
Yawning;0.47714272141456604;0.22218379378318787;0.005625423043966293
Yawning;0.47539716958999634;0.31312528252601624;-0.008897322230041027
Yawning;0.43849804997444153;0.30685025453567505;0.00757092097774148
Yawning;0.48555630445480347;0.2191723883152008;-0.0017640043515712023
Yawning;0.4729691743850708;0.3381575345993042;-0.00931297242641449
Yawning;0.49342918395996094;0.24535126984119415;-0.020568478852510452
Yawning;0.48794931173324585;0.23956845700740814;-0.013911272399127483
Yawning;0.4934764802455902;0.23766940832138062;-0.014574217610061169
Yawning;0.4788302183151245;0.2568213939666748;-0.01353568583726883
Yawning;0.4919065535068512;0.3506993353366852;-0.012436245568096638
Yawning;0.4922465980052948;0.3428307771682739;-0.01137350220233202
Yawning;0.48254433274269104;0.34250107407569885;-0.011113109067082405
Yawning;0.4594903886318207;0.3246580958366394;-0.0038141130935400724
Yawning;0.4667147397994995;0.27970412373542786;-0.00735592283308506
Yawning;0.46535524725914;0.3321964144706726;-0.006629751529544592
Yawning;0.45294666290283203;0.2791070342063904;-0.0059808166697621346
Yawning;0.4616968035697937;0.2884809374809265;-0.007683537434786558
Yawning;0.44825583696365356;0.2928105592727661;-0.003500326070934534
Yawning;0.4805474877357483;0.35001444816589355;-0.012007651850581169
Yawning;0.47495684027671814;0.2617822289466858;-0.0108456090092659
Yawning;0.4542520344257355;0.32999956607818604;-0.0004053306474816054
Yawning;0.4621001183986664;0.3373985290527344;-0.0037970554549247026
Yawning;0.45502549409866333;0.3150392770767212;-0.0028880832251161337
Yawning;0.4314800202846527;0.2970690429210663;0.012485764920711517
Yawning;0.4467412829399109;0.3158499002456665;0.0012407050235196948
Yawning;0.427282452583313;0.3040791153907776;0.02301737852394581
Yawning;0.45785269141197205;0.299920916557312;-0.005900803487747908
Yawning;0.47919827699661255;0.2499479502439499;-0.009298034943640232
Yawning;0.47994333505630493;0.2713923454284668;-0.022782187908887863
Yawning;0.4760970175266266;0.27427852153778076;-0.01775231398642063
Yawning;0.48238784074783325;0.265412837266922;-0.025452380999922752
Yawning;0.47562137246131897;0.21097183227539062;0.0028616301715373993
Yawning;0.4653835594654083;0.2049107849597931;0.0019220863468945026
Yawning;0.45627498626708984;0.20405462384223938;0.0017216732958331704
Yawning;0.44862011075019836;0.20648682117462158;0.003209349699318409
Yawning;0.4433393180370331;0.21161144971847534;0.005660687573254108
Yawning;0.4394582509994507;0.2286393642425537;0.012026251293718815
Yawning;0.41974446177482605;0.25091761350631714;0.03170265629887581
Yawning;0.4443369209766388;0.24091584980487823;0.0066926078870892525
Yawning;0.450971782207489;0.2432098686695099;0.003947029821574688
Yawning;0.45963582396507263;0.24312204122543335;0.0023753747809678316
Yawning;0.4676562547683716;0.24108564853668213;0.0016413935227319598
Yawning;0.4737824499607086;0.23802071809768677;0.0026759228203445673
Yawning;0.47803571820259094;0.23506876826286316;0.0027819043025374413
Yawning;0.41965407133102417;0.2512277364730835;0.051081281155347824
Yawning;0.47635385394096375;0.2768438756465912;-0.015355999581515789
Yawning;0.4834255874156952;0.2508697807788849;-0.016725536435842514
Yawning;0.4842633008956909;0.2710040509700775;-0.02640894614160061
Yawning;0.4871881604194641;0.2753150165081024;-0.024611832574009895
Yawning;0.4841806888580322;0.27272871136665344;-0.02412133291363716
Yawning;0.47785037755966187;0.27954626083374023;-0.013701791875064373
Yawning;0.48832613229751587;0.275717556476593;-0.026020485907793045
Yawning;0.4886702597141266;0.2779364287853241;-0.020299667492508888
Yawning;0.4784986078739166;0.22838380932807922;0.006114868447184563
Yawning;0.4812983274459839;0.23002468049526215;0.003176354570314288
Yawning;0.4830032289028168;0.23103317618370056;-0.00024213187862187624
Yawning;0.4489499628543854;0.22582219541072845;0.007173157297074795
Yawning;0.44427525997161865;0.2201920449733734;0.007378850597888231
Yawning;0.4984540343284607;0.24665077030658722;-0.018500901758670807
Yawning;0.5367672443389893;0.2283511906862259;0.014432002790272236
Yawning;0.49854180216789246;0.27664175629615784;-0.019555237144231796
Yawning;0.5625655651092529;0.19530512392520905;0.0461205318570137
Yawning;0.5186926126480103;0.2355680614709854;0.006606347393244505
Yawning;0.5248817205429077;0.23628145456314087;0.007655988913029432
Yawning;0.5310764312744141;0.23570990562438965;0.00971685815602541
Yawning;0.5394144654273987;0.23057225346565247;0.015034756623208523
Yawning;0.5137197375297546;0.23341268301010132;0.007233139593154192
Yawning;0.5277010202407837;0.20888054370880127;0.007681780494749546
Yawning;0.5209388732910156;0.21006345748901367;0.007213313598185778
Yawning;0.5342541337013245;0.2103828489780426;0.009933104738593102
Yawning;0.5386096239089966;0.21436983346939087;0.01204777043312788
Yawning;0.5446242094039917;0.23571039736270905;0.017320547252893448
Yawning;0.5136937499046326;0.3439602553844452;-0.005093391984701157
Yawning;0.5391728281974792;0.22576016187667847;0.016650643199682236
Yawning;0.5645244121551514;0.23144179582595825;0.04301664978265762
Yawning;0.551824688911438;0.22912365198135376;0.02410859987139702
Yawning;0.5235609412193298;0.26786181330680847;-0.0024273772723972797
Yawning;0.5009992718696594;0.29828640818595886;-0.017936117947101593
Yawning;0.49987027049064636;0.30714696645736694;-0.01635424979031086
Yawning;0.5089572668075562;0.30227309465408325;-0.014401987195014954
Yawning;0.5137924551963806;0.3066967725753784;-0.010152174159884453
Yawning;0.5055027008056641;0.30875885486602783;-0.013716618530452251
Yawning;0.5096983313560486;0.3109743595123291;-0.009786826558411121
Yawning;0.5210289359092712;0.3215404152870178;-0.002294793725013733
Yawning;0.497819185256958;0.27117088437080383;-0.028081614524126053
Yawning;0.4989306330680847;0.26360729336738586;-0.028737083077430725
Yawning;0.5479609966278076;0.20543469488620758;0.01604483090341091
Yawning;0.5115079879760742;0.24761736392974854;-0.0010161690879613161
Yawning;0.5117101073265076;0.2712571322917938;-0.01427035965025425
Yawning;0.5124075412750244;0.26725080609321594;-0.012288819998502731
Yawning;0.5421048402786255;0.26708531379699707;0.005762077867984772
Yawning;0.49875935912132263;0.2543397843837738;-0.024527717381715775
Yawning;0.5339325070381165;0.1947908103466034;0.00696302205324173
Yawning;0.5419760346412659;0.1984577178955078;0.011870127171278
Yawning;0.556060791015625;0.17994630336761475;0.037167005240917206
Yawning;0.5076485276222229;0.202592670917511;-3.867287523462437e-05
Yawning;0.5151772499084473;0.2140825390815735;0.007878362201154232
Yawning;0.5252435207366943;0.3137556314468384;-0.0001185159562737681
Yawning;0.5560689568519592;0.31027522683143616;0.04541708156466484
Yawning;0.5071174502372742;0.27591297030448914;-0.013368973508477211
Yawning;0.5024905800819397;0.27858805656433105;-0.01455338392406702
Yawning;0.5190799236297607;0.3154272139072418;-0.0013743453891947865
Yawning;0.515819251537323;0.3153829574584961;-0.003229173133149743
Yawning;0.5457741022109985;0.1930595338344574;0.015301898121833801
Yawning;0.5118198990821838;0.27537673711776733;-0.01186307705938816
Yawning;0.5229891538619995;0.19526946544647217;0.0030068238265812397
Yawning;0.5242615938186646;0.1884993314743042;0.003038667840883136
Yawning;0.5304974317550659;0.16020452976226807;0.01725553348660469
Yawning;0.5510369539260864;0.1865493655204773;0.024705151095986366
Yawning;0.5268208980560303;0.17443141341209412;0.010118206031620502
Yawning;0.5521236658096313;0.2018904983997345;0.021370919421315193
Yawning;0.5576928853988647;0.19915273785591125;0.03306571766734123
Yawning;0.5006282925605774;0.3031662702560425;-0.017797237262129784
Yawning;0.507239818572998;0.3060454726219177;-0.014363320544362068
Yawning;0.5119167566299438;0.30890053510665894;-0.010505469515919685
Yawning;0.5058439373970032;0.27767571806907654;-0.0122888945043087
Yawning;0.5174621939659119;0.31556206941604614;-0.002451051725074649
Yawning;0.5153795480728149;0.31813541054725647;-0.005694326478987932
Yawning;0.5149487853050232;0.3149051070213318;-0.003393839579075575
Yawning;0.5042583346366882;0.2722124457359314;-0.01982436329126358
Yawning;0.5083504319190979;0.310997873544693;-0.009177736937999725
Yawning;0.504090428352356;0.30964910984039307;-0.012002333998680115
Yawning;0.49896788597106934;0.3089224100112915;-0.014392090030014515
Yawning;0.5010568499565125;0.3363841474056244;-0.010167489759624004
Yawning;0.5014962553977966;0.3306219279766083;-0.013185723684728146
Yawning;0.5012357234954834;0.32610246539115906;-0.013446074910461903
Yawning;0.5004740953445435;0.32168692350387573;-0.011897752992808819
Yawning;0.49979159235954285;0.3188605308532715;-0.010868341661989689
Yawning;0.5092482566833496;0.31759119033813477;-0.007196626625955105
Yawning;0.5105683207511902;0.3186599016189575;-0.008122317492961884
Yawning;0.5125035047531128;0.32060086727142334;-0.00922262854874134
Yawning;0.5140939950942993;0.3229958713054657;-0.008583305403590202
Yawning;0.5185942649841309;0.297943651676178;-0.0076220156624913216
Yawning;0.563831090927124;0.26877546310424805;0.05927010253071785
Yawning;0.5117779970169067;0.3169558048248291;-0.0050363182090222836
Yawning;0.5134591460227966;0.3173738121986389;-0.005536928307265043
Yawning;0.5007436871528625;0.2817870080471039;-0.015585735440254211
Yawning;0.5102591514587402;0.28070998191833496;-0.00913472194224596
Yawning;0.5015390515327454;0.28022998571395874;-0.015083243139088154
Yawning;0.5178059339523315;0.2522686719894409;0.00036665485822595656
Yawning;0.5277114510536194;0.25744298100471497;0.002086730906739831
Yawning;0.5132564902305603;0.2712109386920929;-0.00984166469424963
Yawning;0.5459364056587219;0.16792243719100952;0.026813218370079994
Yawning;0.5414347648620605;0.1779291331768036;0.017135631293058395
Yawning;0.536516010761261;0.1884026676416397;0.009037365205585957
Yawning;0.515964925289154;0.32698631286621094;-0.005545222200453281
Yawning;0.5097611546516418;0.19136789441108704;-0.0004547387652564794
Yawning;0.5116243362426758;0.17486217617988586;0.0053416891023516655
Yawning;0.513961136341095;0.15709751844406128;0.010924906469881535
Yawning;0.5363065600395203;0.23396433889865875;0.012540801428258419
Yawning;0.5515484809875488;0.24130085110664368;0.019981088116765022
Yawning;0.5105791091918945;0.23105669021606445;0.008011234924197197
Yawning;0.5450356006622314;0.21819990873336792;0.017164524644613266
Yawning;0.5071911215782166;0.24228939414024353;-0.0025729145854711533
Yawning;0.5083330869674683;0.2675524652004242;-0.019169867038726807
Yawning;0.5585020184516907;0.24705646932125092;0.025591079145669937
Yawning;0.5471013188362122;0.2471470832824707;0.014074914157390594
Yawning;0.5387822985649109;0.250042587518692;0.007974406704306602
Yawning;0.5265798568725586;0.24890819191932678;0.005319811403751373
Yawning;0.5179874897003174;0.24568980932235718;0.00396049115806818
Yawning;0.5117430090904236;0.24189552664756775;0.0026623723097145557
Yawning;0.49926817417144775;0.23103395104408264;-0.0066506401635706425
Yawning;0.5573889017105103;0.26451918482780457;0.021978100761771202
Yawning;0.5502952337265015;0.2165510505437851;0.020279232412576675
Yawning;0.4958922564983368;0.275696337223053;-0.02618318237364292
Yawning;0.5109907984733582;0.25535351037979126;-0.004540642723441124
Yawning;0.5664598345756531;0.23128873109817505;0.06077227368950844
Yawning;0.5071339011192322;0.23745965957641602;0.0023216516710817814
Yawning;0.5138474106788635;0.27211418747901917;-0.0049301995895802975
Yawning;0.5418485999107361;0.2250547707080841;0.01765749417245388
Yawning;0.5088294148445129;0.2627243399620056;-0.01674354076385498
Yawning;0.5615824460983276;0.2889958620071411;0.05387571454048157
Yawning;0.5106767416000366;0.2283189594745636;0.009806163609027863
Yawning;0.5038614273071289;0.2576139569282532;-0.021547717973589897
Yawning;0.5407378077507019;0.32853835821151733;0.015774402767419815
Yawning;0.540974497795105;0.3383795917034149;0.023109953850507736
Yawning;0.5643774271011353;0.26707562804222107;0.04097389802336693
Yawning;0.5492945313453674;0.31817904114723206;0.023484326899051666
Yawning;0.5614951848983765;0.21419312059879303;0.03981447592377663
Yawning;0.5148081183433533;0.35149282217025757;-0.0030992107931524515
Yawning;0.49522948265075684;0.27798470854759216;-0.02002689428627491
Yawning;0.5162408351898193;0.26147788763046265;-0.0031285074073821306
Yawning;0.5575549602508545;0.23069532215595245;0.029720311984419823
Yawning;0.5303290486335754;0.23155950009822845;0.010432383045554161
Yawning;0.5247657299041748;0.2322559803724289;0.008748820051550865
Yawning;0.5172529220581055;0.3191632330417633;-0.00487160962074995
Yawning;0.5558550357818604;0.28134769201278687;0.021109869703650475
Yawning;0.5040431618690491;0.3629012107849121;-0.00402623787522316
Yawning;0.5225256681442261;0.3533395528793335;0.008152813650667667
Yawning;0.530939519405365;0.34736859798431396;0.0147849190980196
Yawning;0.5196709632873535;0.23169198632240295;0.008167254738509655
Yawning;0.5150368213653564;0.23020198941230774;0.008624609559774399
Yawning;0.5121616721153259;0.22914010286331177;0.009688692167401314
Yawning;0.5552579164505005;0.2148844301700592;0.026198377832770348
Yawning;0.5154727697372437;0.22341468930244446;0.008490966632962227
Yawning;0.5207319259643555;0.221406489610672;0.008310303092002869
Yawning;0.5259064435958862;0.2208067774772644;0.009131125174462795
Yawning;0.5312894582748413;0.22164151072502136;0.010690268129110336
Yawning;0.5349230170249939;0.22328166663646698;0.012318985536694527
Yawning;0.5659617781639099;0.21142002940177917;0.05504266545176506
Yawning;0.5341061949729919;0.23015442490577698;0.012465937063097954
Yawning;0.5136935114860535;0.2926425635814667;-0.010712403804063797
Yawning;0.5072744488716125;0.27431851625442505;-0.01479959674179554
Yawning;0.5017096400260925;0.28846976161003113;-0.01590728759765625
Yawning;0.5317997336387634;0.33779072761535645;0.009754584170877934
Yawning;0.5236536264419556;0.34454816579818726;0.003537006676197052
Yawning;0.5042683482170105;0.3570472002029419;-0.009066116996109486
Yawning;0.5488515496253967;0.327067494392395;0.03425905480980873
Yawning;0.5121170282363892;0.22645464539527893;0.009309438988566399
Yawning;0.503100574016571;0.2438744157552719;-0.01007886603474617
Yawning;0.5138717293739319;0.358661025762558;0.0011482767295092344
Yawning;0.562228262424469;0.2859050929546356;0.037412188947200775
Yawning;0.5051320791244507;0.31810566782951355;-0.009070958010852337
Yawning;0.506304144859314;0.32016468048095703;-0.010040409862995148
Yawning;0.5076818466186523;0.3234845697879791;-0.011548684909939766
Yawning;0.508567750453949;0.3273766040802002;-0.011160495691001415
Yawning;0.5095778107643127;0.33237165212631226;-0.00855177640914917
Yawning;0.5133087635040283;0.31330254673957825;-0.006107676308602095
Yawning;0.5154205560684204;0.3124063014984131;-0.005892208311706781
Yawning;0.5173182487487793;0.31091147661209106;-0.0054548573680222034
Yawning;0.5225825309753418;0.30523067712783813;-0.0034917141310870647
Yawning;0.5465750098228455;0.2852208614349365;0.009650848805904388
Yawning;0.5030770301818848;0.2362130731344223;-0.004301619250327349
Yawning;0.5065320730209351;0.22011218965053558;0.006419337820261717
Yawning;0.5097153782844543;0.22181646525859833;0.008770572021603584
Yawning;0.5117241144180298;0.31240934133529663;-0.0059443688951432705
Yawning;0.5461929440498352;0.3056955933570862;0.01530272513628006
Yawning;0.5015333890914917;0.21889173984527588;-0.0003999728069175035
Yawning;0.5116059184074402;0.3376275300979614;-0.006759040988981724
Yawning;0.49896296858787537;0.2394559383392334;-0.013033131137490273
Yawning;0.5071629285812378;0.25634828209877014;-0.011439996771514416
Yawning;0.5020014643669128;0.3422277867794037;-0.009883172810077667
Yawning;0.5257139801979065;0.32349416613578796;0.0007478506304323673
Yawning;0.5189418196678162;0.27889859676361084;-0.003901285817846656
Yawning;0.5194941163063049;0.33135390281677246;-0.003050092374905944
Yawning;0.5326848030090332;0.2777876555919647;-0.0007673990912735462
Yawning;0.5241346955299377;0.28742268681526184;-0.0033554923720657825
Yawning;0.5371264219284058;0.2913910448551178;0.0025066451635211706
Yawning;0.5033641457557678;0.3496262729167938;-0.01026409026235342
Yawning;0.510840654373169;0.26129281520843506;-0.008287118747830391
Yawning;0.5300969481468201;0.32893815636634827;0.005030341912060976
Yawning;0.5221673250198364;0.33672043681144714;0.0004214246873743832
Yawning;0.5306262373924255;0.31369251012802124;0.002474467968568206
Yawning;0.5532005429267883;0.2958158552646637;0.02100295200943947
Yawning;0.5380674004554749;0.31468093395233154;0.0076241036877036095
Yawning;0.5575578808784485;0.30308252573013306;0.03256533294916153
Yawning;0.5281579494476318;0.29866889119148254;-0.0009803506545722485
Yawning;0.5069035887718201;0.2495296448469162;-0.007067520171403885
Yawning;0.5061750411987305;0.27089717984199524;-0.020642384886741638
Yawning;0.5098248720169067;0.2737385332584381;-0.015381022356450558
Yawning;0.503867506980896;0.26510003209114075;-0.023908371105790138
Yawning;0.5117258429527283;0.21056409180164337;0.005954549182206392
Yawning;0.5216932892799377;0.2042142152786255;0.006421185098588467
Yawning;0.5303602814674377;0.20313918590545654;0.007500568870455027
Yawning;0.5375415682792664;0.20553210377693176;0.010157548822462559
Yawning;0.5425238013267517;0.2105090469121933;0.013448742218315601
Yawning;0.5460219383239746;0.22701716423034668;0.019968518987298012
Yawning;0.5651708245277405;0.24905529618263245;0.04244830086827278
Yawning;0.5411083102226257;0.23937813937664032;0.013858993537724018
Yawning;0.5346083045005798;0.24173395335674286;0.010011197067797184
Yawning;0.5260724425315857;0.2419835329055786;0.007408014964312315
Yawning;0.5182157754898071;0.2401389479637146;0.005589785985648632
Yawning;0.5124561190605164;0.23736628890037537;0.0057581630535423756
Yawning;0.5084652304649353;0.23458300530910492;0.005292193964123726
Yawning;0.5649273991584778;0.24987219274044037;0.06192556023597717
Yawning;0.509537935256958;0.27634862065315247;-0.013060660101473331
Yawning;0.5030398964881897;0.25059834122657776;-0.015185666270554066
Yawning;0.5020034313201904;0.2706305980682373;-0.02508786879479885
Yawning;0.49886104464530945;0.27504175901412964;-0.023858560249209404
Yawning;0.5019192695617676;0.27234023809432983;-0.02283209003508091
Yawning;0.5082366466522217;0.27917221188545227;-0.011822296306490898
Yawning;0.497771292924881;0.275433212518692;-0.02532222494482994
Yawning;0.4971947968006134;0.2777304947376251;-0.01980491541326046
Yawning;0.5084702968597412;0.22802630066871643;0.008717790246009827
Yawning;0.5054200887680054;0.2297135293483734;0.005206886678934097
Yawning;0.5037095546722412;0.23076726496219635;0.0014200813602656126
Yawning;0.5372280478477478;0.22461697459220886;0.014154757373034954
Yawning;0.5415318012237549;0.21897479891777039;0.014828743413090706
